         1   7.9240600000000003E+24   1.3153940000000000E+01   3.0224700000000000E+14
         2   2.5058100000000002E+25   4.1596409999999999E+01   1.9272200000000000E+15
         3   7.9240599999999993E+25   1.3153940000000000E+02   1.2288500000000000E+16
         4   2.5058099999999999E+26   4.1596418999999997E+02   7.8355300000000000E+16
         5   7.9240600000000003E+26   1.3153947200000000E+03   4.9961700000000000E+17
         6   2.5058100000000002E+27   4.1596462600000004E+03   3.1857100000000000E+18
         7   7.9240600000000003E+27   1.3153975150000000E+04   2.0313000000000000E+19
         8   2.5058099999999999E+28   4.1596641009999999E+04   1.2952200000000000E+20
         9   7.9240600000000007E+28   1.3154088899000001E+05   8.2587100000000003E+20
         1   2.5058100000000001E+29   4.1597366311000002E+05   5.2659999999999995E+21
         2   6.2940999999999999E+29   1.0448600000000000E+06   2.3180000000000001E+22
         3   1.5810500000000000E+30   2.6247200000000000E+06   9.7549999999999992E+22
         4   3.9714700000000002E+30   6.5934200000000000E+06   3.9109999999999998E+23
         5   4.9993799999999999E+30   8.3000900000000000E+06   5.2589999999999997E+23
         6   9.9736600000000000E+30   1.6559400000000000E+07   1.4350000000000001E+24
         7   1.9903799999999999E+31   3.3049200000000000E+07   3.8329999999999998E+24
         8   3.9721000000000002E+31   6.5961300000000000E+07   1.0060000000000000E+25
         9   7.9241899999999998E+31   1.3160800000000000E+08   2.6039999999999999E+25
        10   1.5810100000000001E+32   2.6262600000000000E+08   6.6759999999999998E+25
        11   1.9903300000000002E+32   3.3064100000000000E+08   8.7379999999999999E+25
        12   3.1549999999999999E+32   5.2419700000000000E+08   1.6289999999999999E+26
        13   4.9993400000000003E+32   8.3077400000000000E+08   3.0290000000000001E+26
        14   6.2945899999999999E+32   1.0461200000000000E+09   4.1289999999999999E+26
        15   7.2972699999999999E+32   1.2128400000000000E+09   5.0360000000000003E+26
        16   9.6597099999999996E+32   1.6056900000000000E+09   6.8599999999999998E+26
        17   1.5310700000000000E+33   2.5456400000000000E+09   1.2720000000000000E+27
        18   2.5056299999999999E+33   4.1672000000000000E+09   2.3560000000000001E+27
        19   3.9714099999999997E+33   6.6070800000000000E+09   4.3620000000000000E+27
        20   4.8272700000000002E+33   8.0321300000000000E+09   5.6620000000000003E+27
        21   6.0773599999999998E+33   1.0114100000000000E+10   7.7019999999999997E+27
        22   7.9262500000000004E+33   1.3194000000000000E+10   1.0480000000000000E+28
        23   9.9770400000000003E+33   1.6611300000000000E+10   1.4250000000000001E+28
        24   1.2560900000000000E+34   2.0918100000000000E+10   1.9380000000000001E+28
        25   1.5214399999999999E+34   2.5342100000000000E+10   2.5029999999999998E+28
        26   1.9904200000000000E+34   3.3163800000000000E+10   3.4039999999999999E+28
        27   2.5055899999999999E+34   4.1758900000000000E+10   4.6280000000000001E+28
        28   3.0243700000000000E+34   5.0417100000000000E+10   5.9490000000000003E+28
        29   3.9714900000000000E+34   6.6230000000000000E+10   8.0889999999999994E+28
        30   5.0005700000000001E+34   8.3418400000000000E+10   1.1000000000000001E+29
        31   6.1511599999999996E+34   1.0264500000000000E+11   1.4500000000000000E+29
        32   6.5454000000000003E+34   1.0923400000000000E+11   1.4950000000000000E+29
        33   8.4854300000000001E+34   1.4166800000000000E+11   2.0330000000000001E+29
        34   1.0195199999999999E+35   1.7026400000000000E+11   2.5970000000000001E+29
        35   1.1051700000000001E+35   1.8459400000000000E+11   2.8920000000000000E+29
        36   1.2558399999999999E+35   2.0980700000000000E+11   3.2899999999999998E+29
        37   1.6347200000000000E+35   2.7323200000000000E+11   4.4729999999999998E+29
        38   1.9904000000000000E+35   3.3280600000000000E+11   5.8159999999999997E+29
        39   2.5058499999999999E+35   4.1918100000000000E+11   7.5379999999999997E+29
        40   2.5721100000000000E+35   4.3028900000000000E+11   7.8050000000000001E+29
        41   2.5930900000000001E+35   4.3380500000000000E+11   7.8899999999999993E+29
        42   2.7061299999999999E+35   4.5275600000000000E+11   8.3520000000000003E+29
        43   2.8854300000000001E+35   4.8281700000000000E+11   9.0979999999999993E+29
        44   2.9784000000000000E+35   4.9840700000000000E+11   9.4910000000000002E+29
        45   3.0580500000000000E+35   5.1176500000000000E+11   9.8310000000000001E+29
        46   3.4176499999999998E+35   5.7207900000000000E+11   1.0830000000000000E+30
         9   1.2615999999999999E+36   2.1161200000000000E+12   2.1546999999999999E+30
        10   1.8946999999999999E+36   3.1795500000000000E+12   3.4271999999999998E+30
        11   2.6725999999999999E+36   4.4868900000000000E+12   5.2679000000000003E+30
        12   3.6062000000000001E+36   6.0567500000000000E+12   7.7976000000000005E+30
        12   4.7097000000000002E+36   7.9132800000000000E+12   1.1147000000000000E+31
        13   7.4963000000000004E+36   1.2605300000000000E+13   2.0893999999999999E+31
        14   1.1196999999999999E+37   1.8843100000000000E+13   3.5840999999999999E+31
        15   1.5999000000000001E+37   2.6945900000000000E+13   5.7610999999999997E+31
        16   2.2073000000000001E+37   3.7205800000000000E+13   8.8117000000000001E+31
        17   2.9477000000000001E+37   4.9725600000000000E+13   1.2947000000000000E+32
        18   4.2683999999999996E+37   7.2087900000000000E+13   2.1620000000000000E+32
        19   6.2199999999999999E+37   1.0519400000000000E+14   3.8474999999999998E+32
        20   7.3174000000000004E+37   1.2384000000000000E+14   5.0461999999999999E+32
        21   7.5959000000000001E+37   1.2857500000000000E+14   5.3711000000000001E+32
        78   8.4999999999999999E+37   1.4396100000000000E+14   7.1867000000000003E+32
        78   8.9999999999999992E+37   1.5247900000000000E+14   8.0225000000000000E+32
        79   9.4999999999999995E+37   1.6100300000000000E+14   8.9330999999999997E+32
        80   9.9999999999999998E+37   1.6953200000000000E+14   9.9252999999999994E+32
        81   1.0500000000000000E+38   1.7806600000000000E+14   1.1005000000000000E+33
        82   1.1000000000000000E+38   1.8660700000000000E+14   1.2178000000000000E+33
        83   1.1500000000000001E+38   1.9515400000000000E+14   1.3452000000000001E+33
        84   1.2000000000000001E+38   2.0370700000000000E+14   1.4832000000000001E+33
        85   1.2499999999999999E+38   2.1226700000000000E+14   1.6325000000000000E+33
        86   1.3000000000000000E+38   2.2083400000000000E+14   1.7937000000000001E+33
        87   1.3500000000000000E+38   2.2940800000000000E+14   1.9674000000000001E+33
        88   1.4000000000000000E+38   2.3799000000000000E+14   2.1543999999999999E+33
        89   1.4500000000000000E+38   2.4657900000000000E+14   2.3552000000000000E+33
        90   1.5000000000000001E+38   2.5517600000000000E+14   2.5704000000000000E+33
        91   1.5500000000000001E+38   2.6378100000000000E+14   2.8007999999999998E+33
        92   1.5999999999999999E+38   2.7239500000000000E+14   3.0468000000000001E+33
        93   1.6500000000000000E+38   2.8101800000000000E+14   3.3090000000000002E+33
        94   1.7000000000000000E+38   2.8965000000000000E+14   3.5884000000000002E+33
        95   1.7500000000000000E+38   2.9829100000000000E+14   3.8853000000000002E+33
        96   1.7999999999999998E+38   3.0694200000000000E+14   4.2004999999999999E+33
        97   1.8500000000000001E+38   3.1560300000000000E+14   4.5345999999999997E+33
        98   1.8999999999999999E+38   3.2427500000000000E+14   4.8881999999999997E+33
        99   1.9500000000000001E+38   3.3295700000000000E+14   5.2618000000000002E+33
       100   2.0000000000000000E+38   3.4165000000000000E+14   5.6563000000000000E+33
       101   2.0500000000000002E+38   3.5035400000000000E+14   6.0720999999999998E+33
       102   2.1000000000000000E+38   3.5907000000000000E+14   6.5101000000000001E+33
       103   2.1499999999999998E+38   3.6779800000000000E+14   6.9705000000000001E+33
       104   2.2000000000000001E+38   3.7653800000000000E+14   7.4543999999999995E+33
       105   2.2499999999999999E+38   3.8529000000000000E+14   7.9621000000000001E+33
       106   2.3000000000000001E+38   3.9405500000000000E+14   8.4945000000000001E+33
       107   2.3500000000000000E+38   4.0283400000000000E+14   9.0520000000000001E+33
       108   2.4000000000000002E+38   4.1162600000000000E+14   9.6354999999999996E+33
       109   2.4500000000000000E+38   4.2043200000000000E+14   1.0245000000000000E+34
       110   2.4999999999999998E+38   4.2925200000000000E+14   1.0882000000000001E+34
       111   2.5999999999999999E+38   4.4693500000000000E+14   1.2225000000000001E+34
       112   2.7000000000000000E+38   4.6467900000000000E+14   1.3694999999999999E+34
       113   2.8000000000000000E+38   4.8248600000000000E+14   1.5300999999999999E+34
       114   2.9000000000000001E+38   5.0036000000000000E+14   1.7049999999999999E+34
       115   3.0000000000000001E+38   5.1830300000000000E+14   1.8965000000000001E+34
       116   3.0832350126139669E+38   5.3329855200263231E+14   2.0681799999999999E+34
       232   4.0986620682568517E+38   7.1748089688078300E+14   2.0681799999999999E+34
       232   4.1254433951240884E+38   7.2232447354135838E+14   2.2082237714084625E+34
       232   4.1394825887448278E+38   7.2486760124252162E+14   2.2817625824848017E+34
       232   4.1539720679136575E+38   7.2749520748339925E+14   2.3577504011321204E+34
       232   4.1689257700313579E+38   7.3021009275816338E+14   2.4362687848027335E+34
       232   4.1843580350407430E+38   7.3301515010031012E+14   2.5174020069954270E+34
       232   4.2002836155373201E+38   7.3591336812788012E+14   2.6012371477056254E+34
       232   4.2167176870653677E+38   7.3890783418862200E+14   2.6878641868883228E+34
       232   4.2336758586003956E+38   7.4200173760836312E+14   2.7773761010329498E+34
       232   4.2511741832195083E+38   7.4519837304602938E+14   2.8698689629550091E+34
       232   4.2692291689607233E+38   7.4850114395880488E+14   2.9654420449103700E+34
       232   4.2878577898728728E+38   7.5191356618110662E+14   3.0641979251441472E+34
       232   4.3070774972573101E+38   7.5543927162110900E+14   3.1662425979872259E+34
       232   4.3269062311032237E+38   7.5908201207875300E+14   3.2716855876199436E+34
       232   4.3473624317180066E+38   7.6284566318922138E+14   3.3806400656236407E+34
       232   4.3684650515547645E+38   7.6673422849609825E+14   3.4932229724476813E+34
       232   4.3902335672387161E+38   7.7075184365846738E+14   3.6095551429208343E+34
       232   4.4126879917949431E+38   7.7490278079645962E+14   3.7297614359432553E+34
       232   4.4358488870796156E+38   7.7919145297980400E+14   3.8539708684966885E+34
       232   4.4597373764176645E+38   7.8362241886420150E+14   3.9823167541183468E+34
       232   4.4843751574494919E+38   7.8820038748039588E+14   4.1149368459854224E+34
       232   4.5097845151902871E+38   7.9293022318110188E+14   4.2519734847655185E+34
       232   4.5359883353051578E+38   7.9781695075099450E+14   4.3935737513899174E+34
       232   4.5630101176043209E+38   8.0286576068528962E+14   4.5398896249154927E+34
       232   4.5908739897623164E+38   8.0808201464247962E+14   4.6910781456427877E+34
       232   4.6196047212662806E+38   8.1347125107713475E+14   4.8473015836673168E+34
       232   4.6492277375981110E+38   8.1903919105873400E+14   5.0087276130429478E+34
       232   4.6797691346564777E+38   8.2479174428283662E+14   5.1755294917464079E+34
       232   4.7112556934244983E+38   8.3073501528098075E+14   5.3478862476338809E+34
       232   4.7437148948900768E+38   8.3687530983605700E+14   5.5259828705915402E+34
       232   4.7771749352258067E+38   8.4321914160999138E+14   5.7100105110839361E+34
       232   4.8116647412366431E+38   8.4977323899095138E+14   5.9001666853157124E+34
       232   4.8472139860833602E+38   8.5654455216738462E+14   6.0966554872244046E+34
       232   4.8838531052913882E+38   8.6354026043660988E+14   6.2996878075343873E+34
       232   4.9216133130542555E+38   8.7076777975576775E+14   6.5094815601044459E+34
       232   4.9605266188426191E+38   8.7823477054339112E+14   6.7262619158146466E+34
       232   5.0006258443295270E+38   8.8594914573994312E+14   6.9502615442406974E+34
       232   5.0419446406443345E+38   8.9391907913615062E+14   7.1817208633781262E+34
       232   5.0845175059673408E+38   9.0215301397805250E+14   7.4208882976812675E+34
       232   5.1283798034791089E+38   9.1065967185820188E+14   7.6680205446971416E+34
       232   5.1735677796780570E+38   9.1944806190255712E+14   7.9233828505771758E+34
       232   5.2201185830818099E+38   9.2852749026314012E+14   8.1872492947658070E+34
       232   5.2680702833274172E+38   9.3790756992664975E+14   8.4599030841680693E+34
       232   5.3174618906875634E+38   9.4759823084980362E+14   8.7416368571154740E+34
       232   5.3683333760193512E+38   9.5760973043228375E+14   9.0327529974527153E+34
       232   5.4207256911643597E+38   9.6795266433879038E+14   9.3335639590861577E+34
       232   5.4746807898181190E+38   9.7863797768182525E+14   9.6443926013384657E+34
       232   5.5302416488891926E+38   9.8967697657748000E+14   9.9655725354734102E+34
       232   5.5874522903674722E+38   1.0010813400866376E+15   1.0297448482758543E+35
       232   5.6463578037234461E+38   1.0128631325546994E+15   1.0640376644454426E+35
       232   5.7070043688593435E+38   1.0250348163630730E+15   1.0994725084122992E+35
       232   5.7694392796353870E+38   1.0376092651064156E+15   1.1360874122670051E+35
       232   5.8337109679933670E+38   1.0505997772097648E+15   1.1739216746541100E+35
       232   5.8998690287020757E+38   1.0640200900004826E+15   1.2130159029513553E+35
       232   5.9679642447480510E+38   1.0778843942500985E+15   1.2534120568532937E+35
       232   6.0380486133973470E+38   1.0922073492019720E+15   1.2951534934066142E+35
       232   6.1101753729529048E+38   1.1070040981008686E+15   1.3382850135449654E+35
       232   6.1843990302343538E+38   1.1222902842414401E+15   1.3828529101737798E+35
       232   6.2607753888057368E+38   1.1380820675527700E+15   1.4289050178561335E+35
       232   6.3393615779790395E+38   1.1543961417371145E+15   1.4764907641535654E+35
       232   6.4202160826198042E+38   1.1712497519811438E+15   1.5256612226763419E+35
       232   6.5033987737836101E+38   1.1886607132590190E+15   1.5764691679007432E+35
       232   6.5889709402104274E+38   1.2066474292468362E+15   1.6289691318115484E+35
       232   6.6769953207063675E+38   1.2252289118690638E+15   1.6832174624311958E+35
       232   6.7675361374404616E+38   1.2444248014977940E+15   1.7392723842977289E+35
       232   6.8606591301866422E+38   1.2642553878268252E+15   1.7971940609571742E+35
       232   6.9564315915390913E+38   1.2847416314427798E+15   1.8570446595366612E+35
       232   7.0549224031317346E+38   1.3059051861167430E+15   1.9188884174683797E+35
       232   7.1562020728904242E+38   1.3277684218401112E+15   1.9827917114351760E+35
       232   7.2603427733491694E+38   1.3503544486296955E+15   2.0488231286126227E+35
       232   7.3674183810593426E+38   1.3736871411273742E+15   2.1170535402831655E+35
       232   7.4775045171236745E+38   1.3977911640209848E+15   2.1875561779022138E+35
       232   7.5906785888845953E+38   1.4226919983135145E+15   2.2604067116971171E+35
       232   7.7070198327983973E+38   1.4484159684688802E+15   2.3356833318836810E+35
       232   7.8266093585263755E+38   1.4749902704634412E+15   2.4134668325875041E+35
       232   7.9495301942742386E+38   1.5024430007732875E+15   2.4938406985600908E+35
       232   8.0758673334110956E+38   1.5308031863283290E+15   2.5768911947826741E+35
       232   8.2057077824000171E+38   1.5601008154653110E+15   2.6627074590539965E+35
       232   8.3391406100729676E+38   1.5903668699130552E+15   2.7513815976618442E+35
       232   8.4762569982810692E+38   1.6216333578438770E+15   2.8430087842400945E+35
       232   8.6171502939547136E+38   1.6539333480269585E+15   2.9376873619185454E+35
       232   8.7619160626048398E+38   1.6873010051198392E+15   3.0355189488739221E+35
       232   8.9106521433006568E+38   1.7217716261362290E+15   3.1366085473966321E+35
       232   9.0634587051558641E+38   1.7573816781287355E+15   3.2410646565890033E+35
       232   9.2204383053595947E+38   1.7941688371272885E+15   3.3489993888173324E+35
       232   9.3816959487850490E+38   1.8321720283744862E+15   3.4605285900413234E+35
       232   9.5473391492131781E+38   1.8714314679013775E+15   3.5757719641515092E+35
       232   9.7174779922052313E+38   1.9119887054876970E+15   3.6948532014466258E+35
       232   9.8922251996630643E+38   1.9538866690530248E+15   3.8179001113903607E+35
       232   1.0071696196112057E+39   1.9971697105258538E+15   3.9450447597883765E+35
       232   1.0256009176747030E+39   2.0418836532401962E+15   4.0764236105344971E+35
       232   1.0445285177277450E+39   2.0880758409098705E+15   4.2121776720764668E+35
       232   1.0639648145613947E+39   2.1357951882335020E+15   4.3524526487602706E+35
       232   1.0839225015433984E+39   2.1850922331837422E+15   4.4973990972136093E+35
       232   1.1044145781670644E+39   2.2360191910373540E+15   4.6471725879382772E+35
       232   1.1254543577964059E+39   2.2886300102032925E+15   4.8019338722829157E+35
       232   1.1470554756121556E+39   2.3429804299092555E+15   4.9618490549773799E+35
       232   1.1692318967628073E+39   2.3991280398077435E+15   5.1270897724118088E+35
       232   1.1919979247255098E+39   2.4571323415661635E+15   5.2978333768538999E+35
       232   1.2153682098811884E+39   2.5170548125061880E+15   5.4742631267998893E+35
       232   1.2393577583089743E+39   2.5789589713612660E+15   5.6565683836658248E+35
       232   1.2639819408045424E+39   2.6429104462219230E+15   5.8449448150278848E+35
       232   1.2892565021277174E+39   2.7089770447424330E+15   6.0395946046323128E+35
       232   1.3151975704841931E+39   2.7772288266831960E+15   6.2407266693978535E+35
       232   1.3418216672470256E+39   2.8477381788674370E+15   6.4485568836462049E+35
       232   1.3691457169230089E+39   2.9205798926315610E+15   6.6633083107984520E+35
       232   1.3971870573699105E+39   2.9958312438531310E+15   6.8852114427889585E+35
       232   1.4259634502699626E+39   3.0735720756411960E+15   7.1145044474507795E+35
       232   1.4554930918659229E+39   3.1538848837786090E+15   7.3514334241411190E+35
       232   1.4857946239654003E+39   3.2368549050068200E+15   7.5962526678780806E+35
       232   1.5168871452201193E+39   3.3225702082488605E+15   7.8492249422754206E+35
       232   1.5487902226861434E+39   3.4111217888671390E+15   8.1106217615649414E+35
       232   1.5815239036720973E+39   3.5026036660582545E+15   8.3807236820126170E+35
       232   1.6151087278817545E+39   3.5971129834880025E+15   8.6598206030377127E+35
       232   1.6495657398584289E+39   3.6947501132756980E+15   8.9482120783617351E+35
       232   1.6849165017378877E+39   3.7956187634379915E+15   9.2462076375173840E+35
       232   1.7211831063176386E+39   3.8998260889087020E+15   9.5541271180664974E+35
       232   1.7583881904496879E+39   4.0074828062522960E+15   9.8723010088795126E+35
       232   1.7965549487650659E+39   4.1187033121954495E+15   1.0201070804849059E+36
       232   1.8357071477375900E+39   4.2336058061022960E+15   1.0540789373414090E+36
       232   1.8758691400956351E+39   4.3523124165261925E+15   1.0891821333292372E+36
       232   1.9170658795897897E+39   4.4749493319721675E+15   1.1254543445823273E+36
       232   1.9593229361256320E+39   4.6016469360118460E+15   1.1629345019345562E+36
       232   2.0026665112699665E+39   4.7325399468941220E+15   1.2016628327039395E+36
       232   2.0471234541402112E+39   4.8677675618029670E+15   1.2416809038685972E+36
       232   2.0927212776857673E+39   5.0074736059153750E+15   1.2830316666803073E+36
       232   2.1394881753715627E+39   5.1518066864210500E+15   1.3257595027640683E+36
       232   2.1874530382730618E+39   5.3009203516671950E+15   1.3699102717525949E+36
       232   2.2366454725935173E+39   5.4549732556010510E+15   1.4155313605074451E+36
       232   2.2870958176132031E+39   5.6141293276844720E+15   1.4626717339790135E+36
       232   2.3388351640820012E+39   5.7785579484649280E+15   1.5113819877605972E+36
       232   2.3918953730656028E+39   5.9484341309891090E+15   1.5617144023922980E+36
       232   2.4463090952572621E+39   6.1239387082558680E+15   1.6137229994737084E+36
       232   2.5021097907659323E+39   6.3052585269073800E+15   1.6674635996449261E+36
       232   2.5593317493933356E+39   6.4925866473685510E+15   1.7229938824988248E+36
       232   2.6180101114113543E+39   6.6861225506470270E+15   1.7803734484881686E+36
       232   2.6781808888529415E+39   6.8860723520180040E+15   1.8396638828947557E+36
       232   2.7398809873285600E+39   7.0926490218206860E+15   1.9009288219284812E+36
       232   2.8031482283820011E+39   7.3060726136056780E+15   1.9642340210280567E+36
       232   2.8680213723981907E+39   7.5265704998754850E+15   2.0296474254358753E+36
       232   2.9345401420776139E+39   7.7543776156737640E+15   2.0972392431236147E+36
       232   3.0027452464905503E+39   7.9897367102817400E+15   2.1670820201459732E+36
       232   3.0726784057265160E+39   8.2328986072948180E+15   2.2392507185043238E+36
       232   3.1443823761528075E+39   8.4841224733552610E+15   2.3138227966029190E+36
       232   3.2179009762982552E+39   8.7436760958324090E+15   2.3908782923849335E+36
       232   3.2932791133770408E+39   9.0118361697457080E+15   2.4704999092368116E+36
       232   3.3705628104688653E+39   9.2888885942394920E+15   2.5527731047534420E+36
       232   3.4497992343719464E+39   9.5751287789279560E+15   2.6377861824595503E+36
       232   3.5310367241455418E+39   9.8708619604386640E+15   2.7256303865856322E+36
       232   3.6143248203590056E+39   1.0176403529493474E+16   2.8163999999999888E+36
