   3.0224700000000000E+14   0.0000000000000000E+00   0.0000000000000000E+00
   1.9272200000000000E+15   0.0000000000000000E+00   0.0000000000000000E+00
   1.2288500000000000E+16   0.0000000000000000E+00   0.0000000000000000E+00
   7.8355300000000000E+16   0.0000000000000000E+00   0.0000000000000000E+00
   4.9961700000000000E+17   0.0000000000000000E+00   0.0000000000000000E+00
   3.1857100000000000E+18   0.0000000000000000E+00   0.0000000000000000E+00
   2.0313000000000000E+19   0.0000000000000000E+00   0.0000000000000000E+00
   1.2952200000000000E+20   0.0000000000000000E+00   0.0000000000000000E+00
   8.2587100000000003E+20   0.0000000000000000E+00   0.0000000000000000E+00
   5.2659999999999995E+21   0.0000000000000000E+00   0.0000000000000000E+00
   2.3180000000000001E+22   0.0000000000000000E+00   0.0000000000000000E+00
   9.7549999999999992E+22   0.0000000000000000E+00   0.0000000000000000E+00
   3.9109999999999998E+23   0.0000000000000000E+00   0.0000000000000000E+00
   5.2589999999999997E+23   0.0000000000000000E+00   0.0000000000000000E+00
   1.4350000000000001E+24   0.0000000000000000E+00   0.0000000000000000E+00
   3.8329999999999998E+24   0.0000000000000000E+00   0.0000000000000000E+00
   1.0060000000000000E+25   0.0000000000000000E+00   0.0000000000000000E+00
   2.6039999999999999E+25   0.0000000000000000E+00   0.0000000000000000E+00
   6.6759999999999998E+25   0.0000000000000000E+00   0.0000000000000000E+00
   8.7379999999999999E+25   0.0000000000000000E+00   0.0000000000000000E+00
   1.6289999999999999E+26   0.0000000000000000E+00   0.0000000000000000E+00
   3.0290000000000001E+26   0.0000000000000000E+00   0.0000000000000000E+00
   4.1289999999999999E+26   0.0000000000000000E+00   0.0000000000000000E+00
   5.0360000000000003E+26   0.0000000000000000E+00   0.0000000000000000E+00
   6.8599999999999998E+26   0.0000000000000000E+00   0.0000000000000000E+00
   1.2720000000000000E+27   0.0000000000000000E+00   0.0000000000000000E+00
   2.3560000000000001E+27   0.0000000000000000E+00   0.0000000000000000E+00
   4.3620000000000000E+27   0.0000000000000000E+00   0.0000000000000000E+00
   5.6620000000000003E+27   0.0000000000000000E+00   0.0000000000000000E+00
   7.7019999999999997E+27   0.0000000000000000E+00   0.0000000000000000E+00
   1.0480000000000000E+28   0.0000000000000000E+00   0.0000000000000000E+00
   1.4250000000000001E+28   0.0000000000000000E+00   0.0000000000000000E+00
   1.9380000000000001E+28   0.0000000000000000E+00   0.0000000000000000E+00
   2.5029999999999998E+28   0.0000000000000000E+00   0.0000000000000000E+00
   3.4039999999999999E+28   0.0000000000000000E+00   0.0000000000000000E+00
   4.6280000000000001E+28   0.0000000000000000E+00   0.0000000000000000E+00
   5.9490000000000003E+28   0.0000000000000000E+00   0.0000000000000000E+00
   8.0889999999999994E+28   0.0000000000000000E+00   0.0000000000000000E+00
   1.1000000000000001E+29   0.0000000000000000E+00   0.0000000000000000E+00
   1.4500000000000000E+29   0.0000000000000000E+00   0.0000000000000000E+00
   1.4950000000000000E+29   0.0000000000000000E+00   0.0000000000000000E+00
   2.0330000000000001E+29   0.0000000000000000E+00   0.0000000000000000E+00
   2.5970000000000001E+29   0.0000000000000000E+00   0.0000000000000000E+00
   2.8920000000000000E+29   0.0000000000000000E+00   0.0000000000000000E+00
   3.2899999999999998E+29   0.0000000000000000E+00   0.0000000000000000E+00
   4.4729999999999998E+29   0.0000000000000000E+00   0.0000000000000000E+00
   5.8159999999999997E+29   0.0000000000000000E+00   0.0000000000000000E+00
   7.5379999999999997E+29   0.0000000000000000E+00   0.0000000000000000E+00
   7.8050000000000001E+29   0.0000000000000000E+00   0.0000000000000000E+00
   7.8899999999999993E+29   0.0000000000000000E+00   0.0000000000000000E+00
   8.3520000000000003E+29   0.0000000000000000E+00   0.0000000000000000E+00
   9.0979999999999993E+29   0.0000000000000000E+00   0.0000000000000000E+00
   9.4910000000000002E+29   0.0000000000000000E+00   0.0000000000000000E+00
   9.8310000000000001E+29   0.0000000000000000E+00   0.0000000000000000E+00
   1.0830000000000000E+30   0.0000000000000000E+00   0.0000000000000000E+00
   2.1546999999999999E+30   0.0000000000000000E+00   0.0000000000000000E+00
   3.4271999999999998E+30   0.0000000000000000E+00   0.0000000000000000E+00
   5.2679000000000003E+30   0.0000000000000000E+00   0.0000000000000000E+00
   7.7976000000000005E+30   0.0000000000000000E+00   0.0000000000000000E+00
   1.1147000000000000E+31   0.0000000000000000E+00   0.0000000000000000E+00
   2.0893999999999999E+31   0.0000000000000000E+00   0.0000000000000000E+00
   3.5840999999999999E+31   0.0000000000000000E+00   0.0000000000000000E+00
   5.7610999999999997E+31   0.0000000000000000E+00   0.0000000000000000E+00
   8.8117000000000001E+31   0.0000000000000000E+00   0.0000000000000000E+00
   1.2947000000000000E+32   0.0000000000000000E+00   0.0000000000000000E+00
   2.1620000000000000E+32   0.0000000000000000E+00   0.0000000000000000E+00
   3.8474999999999998E+32   0.0000000000000000E+00   0.0000000000000000E+00
   5.0461999999999999E+32   0.0000000000000000E+00   0.0000000000000000E+00
   5.3711000000000001E+32   0.0000000000000000E+00   0.0000000000000000E+00
   7.1867000000000003E+32   0.0000000000000000E+00   0.0000000000000000E+00
   8.0225000000000000E+32   0.0000000000000000E+00   0.0000000000000000E+00
   8.9330999999999997E+32   0.0000000000000000E+00   0.0000000000000000E+00
   9.9252999999999994E+32   0.0000000000000000E+00   0.0000000000000000E+00
   1.1005000000000000E+33   0.0000000000000000E+00   0.0000000000000000E+00
   1.2178000000000000E+33   0.0000000000000000E+00   0.0000000000000000E+00
   1.3452000000000001E+33   0.0000000000000000E+00   0.0000000000000000E+00
   1.4832000000000001E+33   0.0000000000000000E+00   0.0000000000000000E+00
   1.6325000000000000E+33   0.0000000000000000E+00   0.0000000000000000E+00
   1.7937000000000001E+33   0.0000000000000000E+00   0.0000000000000000E+00
   1.9674000000000001E+33   0.0000000000000000E+00   0.0000000000000000E+00
   2.1543999999999999E+33   0.0000000000000000E+00   0.0000000000000000E+00
   2.3552000000000000E+33   0.0000000000000000E+00   0.0000000000000000E+00
   2.5704000000000000E+33   0.0000000000000000E+00   0.0000000000000000E+00
   2.8007999999999998E+33   0.0000000000000000E+00   0.0000000000000000E+00
   3.0468000000000001E+33   0.0000000000000000E+00   0.0000000000000000E+00
   3.3090000000000002E+33   0.0000000000000000E+00   0.0000000000000000E+00
   3.5884000000000002E+33   0.0000000000000000E+00   0.0000000000000000E+00
   3.8853000000000002E+33   0.0000000000000000E+00   0.0000000000000000E+00
   4.2004999999999999E+33   0.0000000000000000E+00   0.0000000000000000E+00
   4.5345999999999997E+33   0.0000000000000000E+00   0.0000000000000000E+00
   4.8881999999999997E+33   0.0000000000000000E+00   0.0000000000000000E+00
   5.2618000000000002E+33   0.0000000000000000E+00   0.0000000000000000E+00
   5.6563000000000000E+33   0.0000000000000000E+00   0.0000000000000000E+00
   6.0720999999999998E+33   0.0000000000000000E+00   0.0000000000000000E+00
   6.5101000000000001E+33   0.0000000000000000E+00   0.0000000000000000E+00
   6.9705000000000001E+33   0.0000000000000000E+00   0.0000000000000000E+00
   7.4543999999999995E+33   0.0000000000000000E+00   0.0000000000000000E+00
   7.9621000000000001E+33   0.0000000000000000E+00   0.0000000000000000E+00
   8.4945000000000001E+33   0.0000000000000000E+00   0.0000000000000000E+00
   9.0520000000000001E+33   0.0000000000000000E+00   0.0000000000000000E+00
   9.6354999999999996E+33   0.0000000000000000E+00   0.0000000000000000E+00
   1.0245000000000000E+34   0.0000000000000000E+00   0.0000000000000000E+00
   1.0882000000000001E+34   0.0000000000000000E+00   0.0000000000000000E+00
   1.2225000000000001E+34   0.0000000000000000E+00   0.0000000000000000E+00
   1.3694999999999999E+34   0.0000000000000000E+00   0.0000000000000000E+00
   1.5300999999999999E+34   0.0000000000000000E+00   0.0000000000000000E+00
   1.7049999999999999E+34   0.0000000000000000E+00   0.0000000000000000E+00
   1.8965000000000001E+34   0.0000000000000000E+00   0.0000000000000000E+00
   2.0681799999999999E+34   1.7641845745411738E+34   4.4699738504662759E-02
   2.2082237714084625E+34   1.7715928205484335E+34   4.4504291064929188E-02
   2.2817625824848017E+34   1.7754699412827640E+34   4.4402683008130363E-02
   2.3577504011321204E+34   1.7794668267949261E+34   4.4298420807788674E-02
   2.4362687848027335E+34   1.7835869030185005E+34   4.4191456341248547E-02
   2.5174020069954270E+34   1.7878336782636791E+34   4.4081741833642850E-02
   2.6012371477056254E+34   1.7922107443587364E+34   4.3969229940724996E-02
   2.6878641868883228E+34   1.7967217777644003E+34   4.3853873835104890E-02
   2.7773761010329498E+34   1.8013705406587985E+34   4.3735627295825412E-02
   2.8698689629550091E+34   1.8061608819907807E+34   4.3614444801194543E-02
   2.9654420449103700E+34   1.8110967384993131E+34   4.3490281624771296E-02
   3.0641979251441472E+34   1.8161821356967855E+34   4.3363093934380009E-02
   3.1662425979872259E+34   1.8214211888139903E+34   4.3232838894008863E-02
   3.2716855876199436E+34   1.8268181037047104E+34   4.3099474768422907E-02
   3.3806400656236407E+34   1.8323771777077760E+34   4.2962961030302380E-02
   3.4932229724476813E+34   1.8381028004646837E+34   4.2823258469689623E-02
   3.6095551429208343E+34   1.8439994546908015E+34   4.2680329305507629E-02
   3.7297614359432553E+34   1.8500717168984467E+34   4.2534137298885229E-02
   3.8539708684966885E+34   1.8563242580701004E+34   4.2384647868002910E-02
   3.9823167541183468E+34   1.8627618442802980E+34   4.2231828204145352E-02
   4.1149368459854224E+34   1.8693893372647400E+34   4.2075647388626208E-02
   4.2519734847655185E+34   1.8762116949355050E+34   4.1916076510222680E-02
   4.3935737513899174E+34   1.8832339718412350E+34   4.1753088782739138E-02
   4.5398896249154927E+34   1.8904613195715735E+34   4.1586659662291532E-02
   4.6910781456427877E+34   1.8978989871051403E+34   4.1416766963888636E-02
   4.8473015836673168E+34   1.9055523211007466E+34   4.1243390976861215E-02
   5.0087276130429478E+34   1.9134267661316220E+34   4.1066514578676966E-02
   5.1755294917464079E+34   1.9215278648628514E+34   4.0886123346658317E-02
   5.3478862476338809E+34   1.9298612581723059E+34   4.0702205667110407E-02
   5.5259828705915402E+34   1.9384326852158182E+34   4.0514752841350553E-02
   5.7100105110839361E+34   1.9472479834374515E+34   4.0323759188125786E-02
   5.9001666853157124E+34   1.9563130885262078E+34   4.0129222141894315E-02
   6.0966554872244046E+34   1.9656340343206004E+34   3.9931142346448234E-02
   6.2996878075343873E+34   1.9752169526630834E+34   3.9729523743350099E-02
   6.5094815601044459E+34   1.9850680732063592E+34   3.9524373654664685E-02
   6.7262619158146466E+34   1.9951937231741988E+34   3.9315702859469018E-02
   6.9502615442406974E+34   2.0056003270794284E+34   3.9103525663640323E-02
   7.1817208633781262E+34   2.0162944064023397E+34   3.8887859962430632E-02
   7.4208882976812675E+34   2.0272825792328004E+34   3.8668727295361124E-02
   7.6680205446971416E+34   2.0385715598799411E+34   3.8446152892986377E-02
   7.9233828505771758E+34   2.0501681584532827E+34   3.8220165715110527E-02
   8.1872492947658070E+34   2.0620792804197630E+34   3.7990798480062510E-02
   8.4599030841680693E+34   2.0743119261410780E+34   3.7758087684676908E-02
   8.7416368571154740E+34   2.0868731903963247E+34   3.7522073614659125E-02
   9.0327529974527153E+34   2.0997702618948449E+34   3.7282800345060679E-02
   9.3335639590861577E+34   2.1130104227847185E+34   3.7040315730628388E-02
   9.6443926013384657E+34   2.1266010481622138E+34   3.6794671385844781E-02
   9.9655725354734102E+34   2.1405496055880224E+34   3.6545922654520613E-02
   1.0297448482758543E+35   2.1548636546158862E+34   3.6294128568858573E-02
   1.0640376644454426E+35   2.1695508463397424E+34   3.6039351797954484E-02
   1.0994725084122992E+35   2.1846189229651809E+34   3.5781658585764639E-02
   1.1360874122670051E+35   2.2000757174115129E+34   3.5521118678616598E-02
   1.1739216746541100E+35   2.2159291529503471E+34   3.5257805242404967E-02
   1.2130159029513553E+35   2.2321872428870053E+34   3.4991794769662923E-02
   1.2534120568532937E+35   2.2488580902906570E+34   3.4723166976763552E-02
   1.2951534934066142E+35   2.2659498877794231E+34   3.4452004691553184E-02
   1.3382850135449654E+35   2.2834709173661836E+34   3.4178393731779562E-02
   1.3828529101737798E+35   2.3014295503711482E+34   3.3902422774722232E-02
   1.4289050178561335E+35   2.3198342474066457E+34   3.3624183218488889E-02
   1.4764907641535654E+35   2.3386935584398893E+34   3.3343769035480496E-02
   1.5256612226763419E+35   2.3580161229387905E+34   3.3061276618578161E-02
   1.5764691679007432E+35   2.3778106701061611E+34   3.2776804620636785E-02
   1.6289691318115484E+35   2.3980860192068912E+34   3.2490453787912869E-02
   1.6832174624311958E+35   2.4188510799929435E+34   3.2202326788077475E-02
   1.7392723842977289E+35   2.4401148532301708E+34   3.1912528033498817E-02
   1.7971940609571742E+35   2.4618864313312118E+34   3.1621163500493009E-02
   1.8570446595366612E+35   2.4841749990978399E+34   3.1328340545265232E-02
   1.9188884174683797E+35   2.5069898345763744E+34   3.1034167717267618E-02
   1.9827917114351760E+35   2.5303403100288352E+34   3.0738754570713810E-02
   2.0488231286126227E+35   2.5542358930227610E+34   3.0442211474983705E-02
   2.1170535402831655E+35   2.5786861476416766E+34   3.0144649424655764E-02
   2.1875561779022138E+35   2.6037007358183998E+34   2.9846179849887786E-02
   2.2604067116971171E+35   2.6292894187925094E+34   2.9546914427860553E-02
   2.3356833318836810E+35   2.6554620586932991E+34   2.9246964895975974E-02
   2.4134668325875041E+35   2.6822286202490753E+34   2.8946442867480462E-02
   2.4938406985600908E+35   2.7095991726233076E+34   2.8645459650158602E-02
   2.5768911947826741E+35   2.7375838913777498E+34   2.8344126068712477E-02
   2.6627074590539965E+35   2.7661930605624349E+34   2.8042552291407903E-02
   2.7513815976618442E+35   2.7954370749322548E+34   2.7740847661531669E-02
   2.8430087842400945E+35   2.8253264422890720E+34   2.7439120534170185E-02
   2.9376873619185454E+35   2.8558717859487765E+34   2.7137478118771693E-02
   3.0355189488739221E+35   2.8870838473316169E+34   2.6836026327920381E-02
   3.1366085473966321E+35   2.9189734886747496E+34   2.6534869632698355E-02
   3.2410646565890033E+35   2.9515516958648798E+34   2.6234110924975639E-02
   3.3489993888173324E+35   2.9848295813895275E+34   2.5933851386914966E-02
   3.4605285900413234E+35   3.0188183874044506E+34   2.5634190367940880E-02
   3.5757719641515092E+35   3.0535294889154252E+34   2.5335225269370445E-02
   3.6948532014466258E+35   3.0889743970716153E+34   2.5037051436866006E-02
   3.8179001113903607E+35   3.1251647625685472E+34   2.4739762060819549E-02
   3.9450447597883765E+35   3.1621123791576742E+34   2.4443448084744166E-02
   4.0764236105344971E+35   3.1998291872604400E+34   2.4148198121699341E-02
   4.2121776720764668E+35   3.2383272776836936E+34   2.3854098378746264E-02
   4.3524526487602706E+35   3.2776188954343166E+34   2.3561232589384227E-02
   4.4973990972136093E+35   3.3177164436298509E+34   2.3269681953892674E-02
   4.6471725879382772E+35   3.3586324875030411E+34   2.2979525087462625E-02
   4.8019338722829157E+35   3.4003797584970892E+34   2.2690837975979480E-02
   4.9618490549773799E+35   3.4429711584496095E+34   2.2403693939283098E-02
   5.1270897724118088E+35   3.4864197638622096E+34   2.2118163601714220E-02
   5.2978333768538999E+35   3.5307388302538077E+34   2.1834314869725494E-02
   5.4742631267998893E+35   3.5759417965947553E+34   2.1552212916323307E-02
   5.6565683836658248E+35   3.6220422898200945E+34   2.1271920172081227E-02
   5.8449448150278848E+35   3.6690541294191864E+34   2.0993496322458501E-02
   6.0395946046323128E+35   3.7169913321003029E+34   2.0716998311136794E-02
   6.2407266693978535E+35   3.7658681165276183E+34   2.0442480349085777E-02
   6.4485568836462049E+35   3.8156989081294898E+34   2.0169993929052318E-02
   6.6633083107984520E+35   3.8664983439757017E+34   1.9899587845170159E-02
   6.8852114427889585E+35   3.9182812777228563E+34   1.9631308217375149E-02
   7.1145044474507795E+35   3.9710627846258593E+34   1.9365198520317175E-02
   7.3514334241411190E+35   4.0248581666150015E+34   1.9101299616452058E-02
   7.5962526678780806E+35   4.0796829574368509E+34   1.8839649793005869E-02
   7.8492249422754206E+35   4.1355529278587820E+34   1.8580284802499816E-02
   8.1106217615649414E+35   4.1924840909356345E+34   1.8323237906535710E-02
   8.3807236820126170E+35   4.2504927073386613E+34   1.8068539922540421E-02
   8.6598206030377127E+35   4.3095952907455182E+34   1.7816219273181996E-02
   8.9482120783617351E+35   4.3698086132917972E+34   1.7566302038170629E-02
   9.2462076375173840E+35   4.4311497110830914E+34   1.7318812008173749E-02
   9.5541271180664974E+35   4.4936358897684470E+34   1.7073770740576640E-02
   9.8723010088795126E+35   4.5572847301744153E+34   1.6831197616837386E-02
   1.0201070804849059E+36   4.6221140940008642E+34   1.6591109901188242E-02
   1.0540789373414090E+36   4.6881421295780361E+34   1.6353522800453803E-02
   1.0891821333292372E+36   4.7553872776862519E+34   1.6118449524760412E-02
   1.1254543445823273E+36   4.8238682774380142E+34   1.5885901348929834E-02
   1.1629345019345562E+36   4.8936041722241454E+34   1.5655887674354902E-02
   1.2016628327039395E+36   4.9646143157239605E+34   1.5428416091173208E-02
   1.2416809038685972E+36   5.0369183779813345E+34   1.5203492440560113E-02
   1.2830316666803073E+36   5.1105363515468635E+34   1.4981120876980020E-02
   1.3257595027640683E+36   5.1854885576882273E+34   1.4761303930240241E-02
   1.3699102717525949E+36   5.2617956526690918E+34   1.4544042567208936E-02
   1.4155313605074451E+36   5.3394786340989413E+34   1.4329336253063468E-02
   1.4626717339790135E+36   5.4185588473542549E+34   1.4117183011952278E-02
   1.5113819877605972E+36   5.4990579920736720E+34   1.3907579486957580E-02
   1.5617144023922980E+36   5.5809981287277016E+34   1.3700520999262129E-02
   1.6137229994737084E+36   5.6644016852657604E+34   1.3496001606427072E-02
   1.6674635996449261E+36   5.7492914638412701E+34   1.3294014159702822E-02
   1.7229938824988248E+36   5.8356906476177437E+34   1.3094550360298008E-02
   1.7803734484881686E+36   5.9236228076566848E+34   1.2897600814545570E-02
   1.8396638828947557E+36   6.0131119098904134E+34   1.2703155087907515E-02
   1.9009288219284812E+36   6.1041823221807320E+34   1.2511201757772717E-02
   1.9642340210280567E+36   6.1968588214666863E+34   1.2321728465004142E-02
   2.0296474254358753E+36   6.2911666010023873E+34   1.2134721964203607E-02
   2.0972392431236147E+36   6.3871312776883465E+34   1.1950168172663396E-02
   2.1670820201459732E+36   6.4847788994973080E+34   1.1768052217985100E-02
   2.2392507185043238E+36   6.5841359529981718E+34   1.1588358484346336E-02
   2.3138227966029190E+36   6.6852293709790627E+34   1.1411070657406226E-02
   2.3908782923849335E+36   6.7880865401732057E+34   1.1236171767840282E-02
   2.4704999092368116E+36   6.8927353090890132E+34   1.1063644233504005E-02
   2.5527731047534420E+36   6.9992039959472996E+34   1.0893469900225808E-02
   2.6377861824595503E+36   7.1075213967282763E+34   1.0725630081234045E-02
   2.7256303865856322E+36   7.2177167933307410E+34   1.0560105595226915E-02
   2.8163999999999888E+36   7.3298199618457976E+34   1.0396876803096979E-02
